Id,SalePrice
1461,139009.3599599175
1462,140577.3343112828
1463,184394.2733298749
1464,179508.01437228275
1465,127988.03069190313
1466,181225.76474536018
1467,126612.61016660217
1468,169698.1254400243
1469,141492.03355546526
1470,133645.75290156557
1471,133970.57117541786
1472,136658.65449968431
1473,139389.38397064642
1474,157069.18159583223
1475,123520.63088732555
1476,229350.75249221653
1477,139518.19151862868
1478,153538.8278176214
1479,154344.84137143078
1480,208264.13494551223
1481,218879.82542420362
1482,138952.10931397133
1483,130870.05684429809
1484,126261.54051132691
1485,156751.12582199316
1486,174510.43866870875
1487,214628.79620593574
1488,142051.9793688556
1489,128521.03519959947
1490,138403.80414560362
1491,164327.8776319933
1492,127948.61824454783
1493,149518.25265688216
1494,212857.37030005612
1495,202320.1645381339
1496,138073.46772122447
1497,155385.84270666735
1498,141785.38615184175
1499,140595.83050059743
1500,148229.6189651207
1501,148785.05836983965
1502,130598.86116378338
1503,147942.79142319752
1504,180860.0214039852
1505,139227.95449583806
1506,136486.73044685385
1507,214201.49629485596
1508,182038.4675723411
1509,170899.70038870038
1510,143638.8959801844
1511,127002.78391931606
1512,136129.6618391882
1513,154459.7978357939
1514,134068.61425318476
1515,182535.7865340217
1516,164208.29973425408
1517,137738.39002682953
1518,131008.45200543888
1519,133587.80811187872
1520,134390.85729735167
1521,138634.06731064414
1522,147899.3902482854
1523,149049.72539141556
1524,130626.14519316088
1525,140363.79197773722
1526,128871.20507656006
1527,121084.25533673693
1528,149935.58957095386
1529,133235.14941831667
1530,157842.83623097237
1531,184949.57492082627
1532,133021.0078735372
1533,136861.29708877968
1534,134141.53922166562
1535,173672.21138648625
1536,126068.53891923974
1537,138984.03056630323
1538,142842.7671736198
1539,166452.26266619057
1540,146369.0153403835
1541,157641.49511528946
1542,160635.78219534678
1543,178277.13952315124
1544,111489.2999410211
1545,132061.21178311328
1546,144846.33842917206
1547,164522.19793542832
1548,156341.27592554197
1549,152981.18002305977
1550,162618.403318706
1551,131328.66712550752
1552,193680.17034890476
1553,153880.8783435289
1554,145654.8620509275
1555,153461.09966237258
1556,131720.05956143854
1557,120834.02844952201
1558,138095.09763841014
1559,153233.07099037003
1560,167999.8966684161
1561,125953.31881604891
1562,135552.1393978999
1563,131693.23531091405
1564,137198.62780234902
1565,183565.22490348466
1566,147913.2551111111
1567,111399.44962660823
1568,197825.13509579797
1569,187560.96907095847
1570,131748.59929293304
1571,152426.9484142351
1572,138573.77869339922
1573,149514.39489847064
1574,126008.69322961486
1575,143536.29773060905
1576,181849.63820763736
1577,129966.75394473942
1578,143732.77199397853
1579,125432.30287060555
1580,166861.91625970343
1581,134642.0139516732
1582,131594.32488358003
1583,156165.23766286302
1584,182751.47001597178
1585,120167.40993935952
1586,122988.68074827362
1587,126049.89698915691
1588,137352.09866507168
1589,138397.99921078252
1590,131534.31085029434
1591,123118.16237474252
1592,138887.52133458512
1593,128550.97923370295
1594,216069.60463474956
1595,169264.1660421957
1596,177318.5085431139
1597,185334.22803172798
1598,157117.54577728428
1599,138731.17840356377
1600,136285.23987668307
1601,102976.61379015507
1602,135023.01342911707
1603,124578.26238712305
1604,144717.45507213136
1605,169096.6528108706
1606,135408.3201088513
1607,149221.3335468407
1608,135110.41643608507
1609,127221.9230848207
1610,154502.8396709739
1611,141662.30027168276
1612,134340.97127442225
1613,142785.8583221264
1614,135487.7677794288
1615,130067.61980813647
1616,128167.22021226423
1617,136157.80297072072
1618,133858.09423958047
1619,140915.2596085014
1620,187339.54514164297
1621,154233.97453416823
1622,159832.43968334806
1623,140513.40455610648
1624,167619.89259974682
1625,133060.30198454476
1626,143883.42123802478
1627,177278.17786848152
1628,201871.38715670886
1629,165929.90910114997
1630,185314.51164063858
1631,133500.29265106068
1632,134228.14095345364
1633,157144.3660301728
1634,165555.11347351145
1635,166521.8602273932
1636,135060.85499172387
1637,190577.1791496946
1638,190241.3740855131
1639,147377.8806682727
1640,228112.4907179948
1641,143270.35289260416
1642,167748.00624418948
1643,160568.44842800728
1644,170733.2131451906
1645,148141.2704568233
1646,133078.5364020432
1647,142795.49486801543
1648,134370.24303762324
1649,132823.28508800382
1650,133515.31632528926
1651,136965.82785296263
1652,133277.34046529752
1653,133548.6977828042
1654,165088.2687639407
1655,136007.84661525994
1656,155394.39128618207
1657,162972.3586146912
1658,153764.90776938124
1659,128010.58794112319
1660,140156.34338755204
1661,287659.8576898429
1662,238306.1551438163
1663,182115.5054659129
1664,222002.92013689634
1665,161688.55539858487
1666,168238.3935204439
1667,225213.8309333068
1668,160158.80959215702
1669,144006.37350648633
1670,163400.02185824575
1671,151292.0301182546
1672,203341.21214196036
1673,233993.46230250678
1674,154328.1072293758
1675,135507.96665342854
1676,134783.8367865914
1677,138240.86836580734
1678,219457.94927092723
1679,202452.6888263327
1680,166386.68139274267
1681,152754.76661818344
1682,167438.11618351162
1683,135635.0860463737
1684,157567.4113379592
1685,164416.4172439398
1686,130346.70770408594
1687,157200.7764076546
1688,171173.8946385817
1689,168797.60217071962
1690,155592.47229784323
1691,152196.7018022656
1692,182713.69295900408
1693,145185.9662550273
1694,170190.0196979391
1695,161252.49919767046
1696,209575.1433785845
1697,164133.00319925134
1698,236139.32051816775
1699,166601.84045606124
1700,194321.63077419222
1701,194966.12175715115
1702,144250.7675792357
1703,143878.18726121692
1704,147611.7579837989
1705,144982.93409019505
1706,200871.71803817467
1707,133685.42654348616
1708,134509.71288881585
1709,154779.005940688
1710,140373.9296941908
1711,178426.32524294037
1712,146740.4065671684
1713,142785.5273793124
1714,135821.17107322527
1715,159069.5437851916
1716,129449.83352499001
1717,124890.43685736963
1718,122481.29184195011
1719,170439.23159463174
1720,140277.81285388052
1721,124606.66825758255
1722,123720.11355192096
1723,126984.09591927555
1724,134584.66935495878
1725,185917.6833627462
1726,161017.79854323968
1727,125151.54460689965
1728,156265.25151154792
1729,158893.9787656084
1730,177314.6578086101
1731,133890.39276469077
1732,132091.994576095
1733,130975.2620336837
1734,126174.84342252558
1735,127398.92714249928
1736,133602.4080325124
1737,166945.07155066202
1738,180284.91348238045
1739,240384.47299361115
1740,141494.25327131484
1741,134103.9594220729
1742,155656.41099580412
1743,152784.58632093575
1744,171921.81020597654
1745,148457.4280216753
1746,191469.29292041963
1747,197040.73419508478
1748,229663.87867008074
1749,141532.45779573813
1750,137032.94213480147
1751,208336.34325561783
1752,122670.45950875737
1753,147895.6356477583
1754,195755.30228006598
1755,133965.23879265526
1756,144286.03082717705
1757,130360.1861578763
1758,150955.47146142204
1759,141634.52630182734
1760,145638.44184750624
1761,152216.09557578666
1762,194171.54378139935
1763,140853.8427094235
1764,134038.94038575326
1765,147529.99710536285
1766,142998.64598227272
1767,147970.32675560517
1768,137290.60387588764
1769,142448.38845858813
1770,124981.5003432151
1771,138500.56968267818
1772,141780.5035911779
1773,153558.62333408275
1774,134813.34484735364
1775,131508.45290094218
1776,136521.144246589
1777,128704.26798723314
1778,135246.1285222368
1779,121475.40805872284
1780,178119.4402774001
1781,134111.76972177337
1782,123555.17385840788
1783,152280.52211097162
1784,129611.3450900205
1785,122582.66943673814
1786,156272.99560659722
1787,143406.48163601177
1788,97626.8272839471
1789,119449.53116148993
1790,110625.52924645213
1791,204265.43607474578
1792,140966.505528057
1793,136291.282115713
1794,132247.52411424756
1795,135630.6479338595
1796,133560.00129404655
1797,148915.06876868953
1798,134814.217547715
1799,128944.14737991964
1800,132655.87729320553
1801,155232.1981260462
1802,139933.07564393978
1803,176632.6341977463
1804,133057.72808332214
1805,131557.6326596232
1806,142628.36362837598
1807,149386.8664502437
1808,152705.94047568447
1809,148379.82055416622
1810,166539.6218360254
1811,124639.3138847135
1812,142050.2272918461
1813,150757.05728286537
1814,115277.16400351127
1815,96626.88567215238
1816,116882.17439712436
1817,137751.86277853325
1818,144701.83662803983
1819,169677.1036977437
1820,127851.72106325052
1821,117573.67969229225
1822,152244.5248407365
1823,114817.99562425331
1824,136301.970568747
1825,164513.89105661958
1826,134217.42305684052
1827,121395.18617224386
1828,162439.93028176334
1829,123901.04225091815
1830,146105.79022220676
1831,146182.83372227126
1832,142887.21843885095
1833,151693.29814284845
1834,148251.67696504493
1835,138370.86995358785
1836,140443.1422025487
1837,115184.2047093133
1838,149550.48977731855
1839,120551.45876330658
1840,130329.09379006972
1841,117784.73988623547
1842,121963.8912414097
1843,144041.03944722377
1844,131982.269363912
1845,172769.8052351079
1846,136016.31721051913
1847,156910.37223140412
1848,95974.46371076127
1849,127079.10481306424
1850,132870.7719912138
1851,163916.12909247147
1852,134914.21114915516
1853,123868.49465737467
1854,122747.23997546399
1855,133003.6731857307
1856,170219.40091990554
1857,175630.36740140084
1858,163650.78455652297
1859,120474.2331765632
1860,138204.43626853323
1861,120060.73219569611
1862,271234.44131663925
1863,270528.2196140468
1864,270537.0008776882
1865,171087.06523429888
1866,157595.465340559
1867,143291.80345979868
1868,158535.79406811378
1869,133564.10515383916
1870,133820.04774944292
1871,140822.73035843467
1872,160424.7028732658
1873,171603.23879120857
1874,129513.81080089581
1875,132794.41699642563
1876,184848.80918861728
1877,132944.80631626176
1878,139105.89840185133
1879,121946.84814935182
1880,133779.623124911
1881,140918.56365695415
1882,196674.60703886225
1883,161128.2851270444
1884,173152.25473440974
1885,139726.48721598607
1886,147339.66708605117
1887,135669.3887709104
1888,146494.85718711343
1889,158745.2651158277
1890,133486.25045740246
1891,122744.95266672141
1892,126697.9432713837
1893,136457.3845773511
1894,126878.53454821948
1895,144901.66111682227
1896,151978.69891723615
1897,156293.22125151608
1898,154977.7399856777
1899,128468.00328650416
1900,161677.07150518292
1901,170097.10349962965
1902,143903.58478442332
1903,187061.2694762379
1904,139280.5438988112
1905,142484.3721306265
1906,164647.2987977603
1907,171206.65900702757
1908,145309.89825682394
1909,157063.28071823771
1910,156330.63601520352
1911,187981.60636589024
1912,177744.4699177545
1913,156767.5661196987
1914,110810.99300913388
1915,152596.1846895827
1916,118865.44759009681
1917,188418.03810349305
1918,131814.83558938027
1919,139870.32038005404
1920,131576.93324596877
1921,216975.538223139
1922,130317.65137765658
1923,198063.25208203623
1924,161731.0322246063
1925,173105.1963407034
1926,176385.71053004943
1927,136278.43103406142
1928,146077.69813883552
1929,130150.75805918638
1930,136060.20746201303
1931,143068.78584059814
1932,154564.374180242
1933,180053.39195908853
1934,173058.33553079257
1935,176332.95895539128
1936,161165.69010016703
1937,174576.84119234196
1938,129643.73035919855
1939,147386.8149296449
1940,127606.81748296811
1941,174071.7912393128
1942,159707.41300425844
1943,134957.36501759262
1944,256002.54641533396
1945,166587.67265791813
1946,147699.52354845783
1947,154923.18565174466
1948,136097.1021629568
1949,142236.96416277008
1950,123369.05263129414
1951,156431.88267368585
1952,150589.1030435732
1953,138264.76488833578
1954,188212.8483801056
1955,157306.9939778519
1956,227065.2953037606
1957,138678.7118823021
1958,215208.19647345046
1959,159535.10191620755
1960,132118.33110792466
1961,133790.62903128914
1962,132528.4704093367
1963,137230.6008394179
1964,144469.89096493847
1965,149866.7916280147
1966,122118.28638422507
1967,143222.46230609049
1968,213536.63790467844
1969,188101.2875973169
1970,247736.9953511157
1971,267968.6446689911
1972,228136.76348862826
1973,201277.0444794927
1974,226997.7857050618
1975,238368.05596234836
1976,151854.86213059578
1977,215109.98929255758
1978,242429.8580713056
1979,162453.12303182032
1980,148630.96558514022
1981,167570.0108223141
1982,137665.28171859685
1983,137454.46968018924
1984,153216.23281149517
1985,138759.5664911964
1986,137731.27781982656
1987,134367.0840935369
1988,163137.5719769419
1989,169444.96331753954
1990,182940.71533988864
1991,136582.4966318268
1992,198572.7846238861
1993,155949.93319835802
1994,194527.6305889003
1995,169981.85430871358
1996,176279.62073378917
1997,197323.7900468454
1998,178863.35566016287
1999,188377.59195622194
2000,220620.5608066284
2001,205617.68145140534
2002,142910.50813417404
2003,179511.19672476416
2004,192109.48675806142
2005,138441.0833879995
2006,131089.13265170075
2007,147114.34841278245
2008,126762.93009330229
2009,166710.22022955204
2010,164503.4182132981
2011,122978.35478935689
2012,128659.94952445898
2013,157990.911764541
2014,165084.4006286879
2015,159912.6246733046
2016,159168.63253950278
2017,166619.16899236676
2018,138606.35886994842
2019,139843.39775226524
2020,127569.6960267979
2021,131999.77173515604
2022,145558.1697007855
2023,170385.9810336656
2024,221345.36308288298
2025,219609.69274339473
2026,125110.83424589985
2027,142862.19051714608
2028,149369.0553987292
2029,154538.57767543822
2030,139356.95482967646
2031,132566.38394326874
2032,144578.0006239909
2033,138979.73731046767
2034,150597.79698359474
2035,186855.30831280726
2036,155386.70173430652
2037,155406.29963123042
2038,193961.23641743147
2039,132973.77754513233
2040,226501.47464379104
2041,177381.0069191093
2042,170415.61248853506
2043,131519.64080595333
2044,148477.90623371274
2045,147923.4210853172
2046,130248.89331526721
2047,170473.66875602142
2048,135262.29458273147
2049,133909.80104625173
2050,164737.6484729856
2051,120412.35151803972
2052,136033.6531522529
2053,135457.10775838778
2054,126642.7207215697
2055,131839.76532642997
2056,143454.30076053974
2057,134211.62232936808
2058,183277.40499245818
2059,140546.55470585974
2060,137890.25650096915
2061,155100.64322330337
2062,136322.63367927072
2063,133974.61434760294
2064,136768.8584304846
2065,120734.31090400013
2066,142821.32108320502
2067,141145.06203975074
2068,132294.4842310983
2069,107793.46874250149
2070,132702.84966967348
2071,117474.65460991238
2072,151673.80795567262
2073,140808.0578358594
2074,153089.43799938008
2075,136791.45412966222
2076,133698.18573191503
2077,127903.99400023327
2078,133938.86432086764
2079,141173.54049623854
2080,127206.27501950972
2081,145212.66102166398
2082,135949.58502434831
2083,156539.923634047
2084,131675.82647054576
2085,133460.6141965414
2086,128337.00088295876
2087,138292.84525827158
2088,150063.35933251228
2089,125107.415636054
2090,145640.19770533132
2091,142713.7729200362
2092,143589.55435212175
2093,165349.53178226735
2094,123776.97708010962
2095,154020.42968236128
2096,115440.1940946315
2097,130249.02028890834
2098,168570.89809472853
2099,105416.69433466569
2100,107481.39384920259
2101,144052.3567638411
2102,141343.76088232064
2103,143411.0910340338
2104,156078.98609508856
2105,142762.38266431473
2106,107936.68400204352
2107,202131.47285749606
2108,131343.98746500624
2109,132085.68992459547
2110,137628.7684877173
2111,141845.17685205513
2112,158439.23423335268
2113,145411.05395919902
2114,133233.10093998854
2115,162401.24204691988
2116,138195.88788515158
2117,151895.0952667498
2118,142365.1859110629
2119,117482.04656294781
2120,169238.25472916936
2121,113916.16015519576
2122,137235.33639247087
2123,125734.76606017983
2124,167338.25290341082
2125,153190.4153093939
2126,146170.1163695892
2127,147888.98284071157
2128,140529.71713111404
2129,112089.03652711354
2130,164207.88517446842
2131,144748.8599253254
2132,126701.44254645052
2133,135081.00099656772
2134,147436.11686217802
2135,117824.63928891275
2136,103887.48149818798
2137,133716.87642870093
2138,129296.45361594675
2139,135189.17238083188
2140,136651.4295828951
2141,134154.2465584018
2142,135049.69450163987
2143,125516.19100194421
2144,117115.93506561038
2145,136162.89385058664
2146,137990.13914610844
2147,145734.82330710092
2148,137449.56465119962
2149,120145.76707984765
2150,151392.7990654664
2151,152847.343496079
2152,160903.63809632446
2153,143036.12893813231
2154,113379.23701734572
2155,162677.47679644954
2156,238409.49846009575
2157,143218.10817599166
2158,178862.7384258917
2159,164791.73326577301
2160,157242.84008978095
2161,146826.28930617933
2162,198968.1083249131
2163,158534.97247483203
2164,139515.9175826325
2165,141855.9265327985
2166,127560.99357371515
2167,144222.89613911443
2168,163442.08486803796
2169,161688.6124242322
2170,168100.37660441134
2171,134563.18050781413
2172,137285.06130825123
2173,140401.85613957056
2174,173486.25690437295
2175,170397.42384520502
2176,149077.14533485906
2177,190736.56926447616
2178,179736.81174483712
2179,118611.58188988034
2180,138367.5619640164
2181,131912.3509215808
2182,139234.74038489247
2183,130890.24317363538
2184,136607.30978761008
2185,130702.24089780072
2186,136744.04774759884
2187,135255.7014988881
2188,168880.98001329266
2189,199115.3425764465
2190,103172.89760496774
2191,104183.91569100034
2192,121206.61818680746
2193,132583.6874068104
2194,121758.93319427087
2195,133195.32592946562
2196,127601.80745458302
2197,135755.42053967042
2198,134709.17632963505
2199,175212.41097047957
2200,160252.69126631023
2201,140320.6597485154
2202,152264.4150319508
2203,167141.15625097774
2204,170749.38534926318
2205,130787.08477968203
2206,140082.5361419167
2207,191626.71964591643
2208,188319.95319393158
2209,161900.02235466026
2210,147096.55677045285
2211,119751.53345237146
2212,144883.86427292868
2213,144783.11523828047
2214,165116.9351148582
2215,123413.44548952777
2216,164360.30969879488
2217,88468.41337262173
2218,131326.49826675185
2219,125936.95844116482
2220,124518.82867528213
2221,152921.33224377566
2222,144207.22739883314
2223,158626.38113969128
2224,185039.61796006013
2225,161318.7035739141
2226,159069.08335734525
2227,136774.87146535277
2228,136360.26640002686
2229,171810.0657979441
2230,154727.1435718424
2231,159652.1537751536
2232,146794.5867247097
2233,133235.585760241
2234,140991.37333326566
2235,133133.78354119486
2236,147238.25943142932
2237,168717.24191350676
2238,125470.12370503573
2239,126005.99895698545
2240,125002.96893940539
2241,150081.27990333887
2242,123100.7881791956
2243,160241.9549950716
2244,133716.13197157768
2245,148356.0753852519
2246,131922.64325956308
2247,125350.57378682298
2248,135602.12153469154
2249,135599.17176614475
2250,135671.09715239616
2251,138734.14655252607
2252,142746.7049426039
2253,164704.49571091624
2254,179482.59003361527
2255,178765.4650125502
2256,156483.4346343923
2257,213630.63370252977
2258,122366.74094465977
2259,177084.81906999505
2260,152479.9220683463
2261,130815.85181370772
2262,142781.35985270192
2263,259003.64274995314
2264,204504.37664750518
2265,150170.2072262987
2266,147971.96216955179
2267,221042.1652034909
2268,177796.45955918884
2269,128256.80784415576
2270,167177.93772271916
2271,147569.72214331522
2272,196722.16335907535
2273,130599.48080899141
2274,139041.16700958795
2275,150709.67585025684
2276,147567.3447064174
2277,170443.69708007423
2278,144620.34012156422
2279,138770.86568412045
2280,115614.3953789572
2281,136173.65626543012
2282,136916.96549158884
2283,142599.02046021863
2284,136855.06444812263
2285,122535.00106265472
2286,134204.8545642351
2287,163459.01329232636
2288,153894.05351225464
2289,182641.85863694345
2290,262522.85454766825
2291,241376.10233241605
2292,187091.97554142127
2293,215169.51353666795
2294,244702.04507363559
2295,216160.68019894004
2296,215176.41186560207
2297,220488.67973270267
2298,164853.21820825903
2299,263330.04671483004
2300,238983.0381788614
2301,192674.56430936675
2302,137496.3707259588
2303,138947.32214298422
2304,156514.75079895457
2305,137416.59942022216
2306,138516.3258475596
2307,134919.9569616482
2308,141428.75817348625
2309,152130.81373215796
2310,136413.10790383554
2311,135963.52895616883
2312,175585.0224003746
2313,164917.71757985442
2314,156103.16283044266
2315,165336.4009690138
2316,172955.24949451396
2317,124972.95556534681
2318,156376.00043463407
2319,154155.59629961458
2320,126676.55217725309
2321,139830.99452253187
2322,133296.1825724726
2323,125034.51532880517
2324,155487.80820066488
2325,140994.52654570618
2326,152508.76268425063
2327,177282.50050887335
2328,180342.27132077666
2329,173658.37153214234
2330,184967.71198500707
2331,232528.39908417335
2332,251306.19032135594
2333,205487.8928222818
2334,197861.57146432746
2335,192806.73698969302
2336,228554.50298083996
2337,131681.24748745168
2338,145966.1590090209
2339,143551.9576539636
2340,181965.0242917455
2341,148426.41250802125
2342,135504.2460642403
2343,136066.63297512959
2344,181004.95026899173
2345,158195.4983047904
2346,130118.14339324541
2347,130683.56948051657
2348,168450.2436025437
2349,174543.4568683439
2350,191529.63019007884
2351,151018.3496304203
2352,148509.1911692747
2353,220370.43074542278
2354,122901.87499339302
2355,121966.18947914771
2356,126099.2407695227
2357,134909.25990045522
2358,168984.2173067874
2359,166296.62419260564
2360,132751.81977936186
2361,135861.95765702386
2362,216882.87870684013
2363,136792.3437099608
2364,145205.95689708873
2365,132724.57796548321
2366,126243.5283708546
2367,133734.24740397919
2368,130452.49823164164
2369,134224.22285939232
2370,170216.75960749632
2371,153294.6733494366
2372,128328.07515489288
2373,173507.09863518516
2374,209120.86180355164
2375,141549.6871716505
2376,174018.1942923209
2377,191452.01316743187
2378,134350.68042546767
2379,195623.30585399497
2380,120048.0234959178
2381,138686.378069629
2382,162752.0465504953
2383,144488.69665738527
2384,184668.85937577428
2385,133445.0603075273
2386,134904.5214270189
2387,138206.79387023233
2388,106916.6647394839
2389,140219.63102013603
2390,135754.6113286426
2391,141255.0075492789
2392,131909.8694550747
2393,142119.25972271204
2394,125081.72157016455
2395,203678.0796440829
2396,134868.21867228256
2397,149987.61493902875
2398,127448.76399579558
2399,106143.05373744706
2400,120303.50558020097
2401,131935.9348972928
2402,136023.28457161263
2403,131364.22733158772
2404,133358.39754243754
2405,139287.52411659554
2406,136748.5405490953
2407,131649.41425657805
2408,135986.68287930472
2409,138583.09536602529
2410,147716.47435256027
2411,133962.34311568394
2412,147851.90165587596
2413,136770.70727588757
2414,136017.79254937358
2415,131666.3374117341
2416,131935.53682448826
2417,134244.06061001655
2418,136413.25257659875
2419,136471.5864211183
2420,136294.70739572778
2421,157035.55963525694
2422,131151.81513467693
2423,146232.62245450236
2424,146404.26564892454
2425,248959.21020860967
2426,141454.033929862
2427,159365.85539754745
2428,196112.4856139805
2429,133375.86978469839
2430,134405.63162618654
2431,139305.697786074
2432,133861.8884997074
2433,143413.36422828108
2434,137991.03485684114
2435,142877.783047765
2436,117544.3608723976
2437,132757.4399101969
2438,132718.19654741843
2439,122243.21599262858
2440,137833.5632158214
2441,140584.47162530734
2442,137766.83024582066
2443,138471.97292842407
2444,165251.871599018
2445,123051.4305808952
2446,141127.94770746797
2447,142189.06626805256
2448,163391.8230053751
2449,142630.08996430077
2450,153777.47193292936
2451,165467.91603632044
2452,191131.2597264254
2453,121043.00437337774
2454,140219.46060421012
2455,149066.99098223905
2456,153243.2909725954
2457,144322.8681321749
2458,157137.31009933978
2459,116076.77286455692
2460,146507.1138079068
2461,133353.17502195574
2462,161452.16085806992
2463,133506.90189229837
2464,174203.02990628436
2465,142573.1838428918
2466,131870.89120391625
2467,157386.61964504744
2468,126504.04383114149
2469,137341.6530474331
2470,185873.71430084194
2471,208434.73647045635
2472,179372.01998931429
2473,134633.2769650515
2474,141330.56563100204
2475,207909.27873711355
2476,142110.78284330634
2477,128561.68747722071
2478,145206.35185590124
2479,129991.43391500486
2480,133417.29941578748
2481,136257.74534661634
2482,129038.7964541153
2483,135771.24362202678
2484,133258.91055513773
2485,127974.63610472718
2486,147710.93635853013
2487,231553.66432492106
2488,155620.75477579221
2489,140684.50768477042
2490,146438.8014270215
2491,108462.8714122272
2492,142517.53645373965
2493,135842.13580878353
2494,144742.79625937526
2495,129229.133000493
2496,183214.04613666976
2497,163945.04122618036
2498,129632.15462292953
2499,110704.98675949691
2500,126194.55287863092
2501,130913.62093521381
2502,158618.47732427146
2503,118751.0190586055
2504,174230.5052447122
2505,172522.50896847068
2506,146830.99572290908
2507,163547.4302691922
2508,148946.22067596568
2509,136838.14454632785
2510,140156.0975017784
2511,127586.9086360525
2512,173653.09350463335
2513,182110.13349228914
2514,187097.58675351273
2515,126703.29062800395
2516,152642.0554564197
2517,126271.5955609531
2518,131328.7159265577
2519,183006.3869305442
2520,169936.14339875177
2521,160140.88244647917
2522,175877.93593139976
2523,134521.0782858327
2524,135042.03528639147
2525,134544.81806186904
2526,133649.18804830243
2527,131538.73091075342
2528,133054.33466639186
2529,134334.64755383084
2530,133558.95926892702
2531,141759.13223887785
2532,169842.44954675375
2533,177224.88998854026
2534,142366.52906072984
2535,204710.39689368114
2536,191714.90253231509
2537,142590.68969823638
2538,153311.8836645871
2539,125888.14109556178
2540,129109.0200425957
2541,159564.5180932707
2542,158755.06110680808
2543,142503.2018669589
2544,135783.68274085753
2545,153067.35103213525
2546,136057.14366917763
2547,132277.04721820398
2548,161914.39798153902
2549,153843.93046378056
2550,168812.4275732371
2551,122007.3903659842
2552,132285.67212598352
2553,103259.20308789451
2554,117323.17211916856
2555,136951.2516858975
2556,147794.67906867986
2557,127619.19442377797
2558,162035.03587217783
2559,125603.87940916931
2560,154483.58735485026
2561,149515.9361621363
2562,155218.382976761
2563,162381.40161503645
2564,170255.674623575
2565,141728.45165629245
2566,171353.40801586694
2567,147122.88134518612
2568,152873.11810084872
2569,146579.69292049087
2570,144989.63270957873
2571,133917.81142156755
2572,140975.9772776126
2573,157307.74217956586
2574,175137.37748169297
2575,135430.32943137837
2576,141095.5803716159
2577,157976.37752564857
2578,113964.47008147166
2579,100376.56489628674
2580,157860.92316136623
2581,131611.31915394982
2582,117944.17365441174
2583,149675.51286951452
2584,134603.89979149314
2585,137359.28000009176
2586,138460.83422724597
2587,140222.39514700195
2588,132775.23367437013
2589,133307.6698209184
2590,137146.4140169062
2591,179005.65815353775
2592,134816.43583883884
2593,142196.45254572635
2594,128300.18936261933
2595,126559.9030818269
2596,162452.32103481097
2597,134833.87668916467
2598,233506.36476651294
2599,160635.37300926258
2600,164599.40268811097
2601,123575.7654942522
2602,133555.89115857703
2603,129941.88219896106
2604,131375.66880590114
2605,133135.73894614348
2606,140925.9873791347
2607,141943.35555698845
2608,176763.28091234123
2609,177996.27671826116
2610,129246.42812279818
2611,158412.13006597068
2612,127145.98041344872
2613,137109.64604485017
2614,135403.3699656294
2615,126741.81979931789
2616,137924.32266841183
2617,154738.83204022996
2618,156086.20894798147
2619,160150.43659584262
2620,180899.58796358889
2621,173901.5080134393
2622,190983.23120264758
2623,188355.29288987344
2624,198175.2023057852
2625,191656.3494534283
2626,137902.5376980049
2627,134529.14742819432
2628,281584.995944023
2629,342775.51841567754
2630,213301.2386771557
2631,271580.1494965917
2632,275768.3372622372
2633,144777.1477315845
2634,182699.72337300464
2635,135428.91202915533
2636,198652.04954073284
2637,142457.95644686237
2638,184033.66899064684
2639,183500.07371043417
2640,130565.33318195218
2641,131533.09000610103
2642,139184.72777472166
2643,151206.34461068807
2644,165248.94865948064
2645,132226.66423109805
2646,133798.41032060934
2647,140773.33843838715
2648,133835.8764942971
2649,141537.2028602213
2650,121472.22357898497
2651,155048.55307010605
2652,206525.42502604835
2653,153223.9561302726
2654,142023.19476484694
2655,186142.00176931222
2656,210527.90557532347
2657,191628.48887366112
2658,210650.94539214135
2659,205690.07468548173
2660,221859.1427968626
2661,172572.44224140266
2662,177330.65743021338
2663,165281.51613513107
2664,149353.90716750931
2665,151032.81942951554
2666,153454.91354350973
2667,159902.62237191419
2668,148826.1508104959
2669,128971.92693084928
2670,213566.23487644273
2671,152970.13706214464
2672,132995.20102339814
2673,135253.6096972635
2674,135654.67899316864
2675,121483.90243295833
2676,165198.22627297603
2677,177230.20452245875
2678,190940.52002464552
2679,199188.94171175527
2680,192530.53934662807
2681,251475.88608146273
2682,239462.22479430115
2683,317996.5156818984
2684,219291.60467440865
2685,232777.45024226498
2686,193136.0617161864
2687,144489.6015015339
2688,134444.4117554619
2689,128814.68055672989
2690,242370.86196818767
2691,161242.99847725476
2692,123119.06866108494
2693,129214.765080351
2694,120386.7115147419
2695,165253.63426884392
2696,162698.2444440475
2697,176568.67082395658
2698,165400.59712186016
2699,126303.66621876012
2700,124757.47257106444
2701,147603.61159525954
2702,133552.35171631858
2703,137184.703488983
2704,141110.90051158998
2705,131274.03972821124
2706,135308.49245101115
2707,121027.7827007029
2708,132118.3461835399
2709,127198.73285720358
2710,135997.7801339235
2711,200166.37623574663
2712,252029.687561472
2713,131971.14795772627
2714,144245.56067704718
2715,154964.37225811306
2716,131840.8336706501
2717,166279.93761532506
2718,141073.3941084525
2719,128636.61525314856
2720,128442.9091462267
2721,135752.4937182389
2722,188049.93864492959
2723,139110.81095867543
2724,131734.84537442672
2725,132449.8162742151
2726,127107.45874178883
2727,145868.98807747907
2728,140784.0001591354
2729,173995.3736250788
2730,136618.62955820278
2731,131351.49028227263
2732,138345.29168426307
2733,148670.411652787
2734,146855.69456019968
2735,138929.58072637662
2736,176528.7692945029
2737,133977.37653229234
2738,129253.93517919461
2739,132665.83750480638
2740,139784.54445019612
2741,139182.27451300606
2742,140055.77597272673
2743,148798.11398450105
2744,139774.81521416001
2745,135606.2869232735
2746,139150.43534529043
2747,140842.04973787183
2748,130124.82105141955
2749,138576.34345650408
2750,134980.334739235
2751,140031.16739278033
2752,157819.81775903061
2753,143677.91659055094
2754,225436.17557312152
2755,143271.4352055104
2756,108440.90541064327
2757,123181.43446881925
2758,125221.28475426507
2759,162993.02912500678
2760,176703.49419251858
2761,137276.0041304344
2762,140744.86779296584
2763,150068.7764839558
2764,133071.24742091008
2765,220505.26575305735
2766,155910.74944857866
2767,97022.8269934745
2768,124842.91430398276
2769,137879.79442704082
2770,129439.26642101674
2771,132282.23578620434
2772,126241.82308037559
2773,161767.88523515122
2774,154598.5016601546
2775,173315.16350801385
2776,147029.6440139517
2777,145832.01649269686
2778,145399.36270917492
2779,136206.84007750003
2780,119253.06466632793
2781,119090.1660413126
2782,126581.85512636452
2783,131705.88905516925
2784,126242.93109272994
2785,151923.47110750747
2786,102426.26371093259
2787,140457.67218857224
2788,104755.14016773272
2789,158745.24268914235
2790,127812.39615999455
2791,131376.3841388341
2792,95892.67438006854
2793,183391.21237919325
2794,126956.93367612653
2795,140799.91658109
2796,117401.96910015462
2797,188605.95034600593
2798,142432.16129285525
2799,144857.59122617912
2800,109482.5486530415
2801,116555.85940751982
2802,151354.02809452327
2803,150178.3756849756
2804,148186.61850100194
2805,133255.24080335096
2806,115309.43593682593
2807,121661.84553865239
2808,141147.45584983967
2809,132330.9754199481
2810,134853.37731740632
2811,149024.10527090533
2812,135741.8934429719
2813,145826.43350268356
2814,145995.0638222764
2815,135349.8711087921
2816,157228.7474053131
2817,150488.49423435563
2818,120326.0855347155
2819,143777.4991573145
2820,150171.2185033507
2821,151392.67186081476
2822,178131.15493374827
2823,320028.55615558266
2824,158739.00925584533
2825,147794.02782220315
2826,137070.22174266627
2827,155267.22525478055
2828,226355.31631903688
2829,130617.70017214368
2830,163489.47268040694
2831,124507.39559633983
2832,143604.2609875855
2833,137484.77294999603
2834,167846.66127737318
2835,140171.59237840836
2836,176222.1576890768
2837,135568.76091845267
2838,129018.49302612458
2839,170675.23403587952
2840,130410.44092257762
2841,169292.63302614822
2842,174499.54880959273
2843,169414.5474428658
2844,131145.22219293335
2845,130283.99000081191
2846,175538.12343950127
2847,195248.79879160432
2848,134314.58157724838
2849,165253.08203818448
2850,202829.03562164234
2851,183491.2548499477
2852,199921.39579057368
2853,183383.77084461466
2854,121139.77226178952
2855,129253.0710739282
2856,160058.80845777434
2857,162298.0127117229
2858,125201.90035870035
2859,154348.7154324265
2860,121474.5973846321
2861,136929.48115471937
2862,172228.14711294553
2863,117924.4374736407
2864,189995.19661466885
2865,120847.98733001907
2866,152998.36223666885
2867,133977.806785043
2868,129306.8865350306
2869,138355.06809424234
2870,155325.62171844096
2871,138906.12345562415
2872,97882.88088313986
2873,128075.71879072221
2874,135224.2538377587
2875,147948.67395292182
2876,178426.52567002465
2877,145418.59973876865
2878,168044.1486885645
2879,157917.22168608505
2880,144875.13973522128
2881,159978.91042399194
2882,169784.68587927392
2883,149862.89571681214
2884,169627.6132937148
2885,168405.61895709592
2886,197538.529035519
2887,130508.89625768147
2888,132377.8185249668
2889,106412.61270856288
2890,112759.65191831194
2891,155531.15549011386
2892,99333.71298815965
2893,128877.9554701328
2894,109058.59793303847
2895,150534.0827718416
2896,145022.4144151681
2897,151401.87675610883
2898,133104.40984833817
2899,133449.22306161653
2900,139675.0971660646
2901,143501.59206586992
2902,128677.07583759839
2903,155439.42412144068
2904,158909.83779824394
2905,138122.9657670065
2906,126041.41953240178
2907,170589.74198402363
2908,134379.82260669934
2909,132149.33093012462
2910,115721.5845965793
2911,134281.16424493556
2912,148838.00057950377
2913,132257.10340746125
2914,129147.09909760732
2915,128561.9919441303
2916,132853.1577911749
2917,164346.0882530513
2918,117838.24322170255
2919,205563.85533913865
